20 40
800
1 12 15 0 2 10
2 11 25 1 2 3
3 9 15 0 3 1
4 16 27 0 2 1
5 11 25 0 1 4
6 5 33 0 2 9
7 5 5 0 2 8
8 6 13 0 3 2
9 6 5 0 2 2
10 17 15 0 3 6
11 10 6 0 1 19
12 16 29 0 2 2
13 6 9 1 0 7
14 14 31 0 3 3
15 5 11 0 1 19
16 13 35 0 1 14
17 15 9 0 2 10
18 4 18 1 2 5
19 8 13 0 0 16
20 1 30 1 0 14
21 4 30 0 3 1
22 1 26 0 0 20
23 2 17 1 1 2
24 8 4 0 2 8
25 17 33 0 1 6
26 17 5 0 3 7
27 14 28 1 3 4
28 9 23 0 0 3
29 15 12 0 2 6
30 12 32 1 2 7
31 6 3 0 3 1
32 14 35 1 1 11
33 12 21 1 0 1
34 0 26 1 0 14
35 10 12 1 1 17
36 7 18 0 3 8
37 11 0 0 2 9
38 14 3 0 2 9
39 9 38 1 2 9
40 2 4 1 3 5
41 14 5 0 2 3
42 4 18 1 1 18
43 7 10 0 2 1
44 1 28 1 1 2
45 18 11 0 1 19
46 14 29 0 2 5
47 1 30 0 0 1
48 1 36 0 2 9
49 18 11 0 2 6
50 1 29 1 2 2
51 16 4 1 3 1
52 3 27 0 3 9
53 5 13 1 2 4
54 13 6 1 1 14
55 8 26 0 2 6
56 4 12 0 3 9
57 10 35 0 1 1
58 8 20 0 1 16
59 17 3 0 1 10
60 13 30 1 1 4
61 11 36 1 0 15
62 3 34 1 3 7
63 18 31 0 0 10
64 7 21 1 1 20
65 5 31 0 3 7
66 15 37 0 1 15
67 12 6 1 3 10
68 10 37 0 2 9
69 0 15 0 2 5
70 5 29 0 0 10
71 16 32 1 2 4
72 12 2 0 0 18
73 0 1 1 3 1
74 15 26 0 2 6
75 10 14 0 0 13
76 0 38 0 0 5
77 18 26 1 2 4
78 10 32 0 0 16
79 0 25 0 0 4
80 16 34 1 0 14
81 0 7 1 1 7
82 16 9 1 3 2
83 1 24 0 1 10
84 18 5 0 1 18
85 18 37 0 0 1
86 0 6 1 3 7
87 8 26 0 3 4
88 3 5 0 2 9
89 12 33 0 1 6
90 0 21 0 2 8
91 8 0 0 2 4
92 14 32 0 0 15
93 2 23 0 3 7
94 0 6 0 0 4
95 11 10 0 0 14
96 13 24 0 0 7
97 18 25 0 3 6
98 8 29 1 2 7
99 2 22 1 1 1
100 2 6 0 2 4
101 4 28 0 3 2
102 14 19 0 2 1
103 2 35 0 3 4
104 8 34 0 1 10
105 0 8 0 2 7
106 0 4 0 0 17
107 5 3 0 0 7
108 18 33 1 1 11
109 6 0 0 1 17
110 17 24 0 2 6
111 3 38 0 2 2
112 7 18 0 2 5
113 10 6 0 0 15
114 5 36 0 3 9
115 2 15 1 2 2
116 7 21 0 3 2
117 4 3 1 3 1
118 5 16 0 0 9
119 11 36 0 1 10
120 6 32 0 3 9
121 14 1 0 0 7
122 17 33 0 2 4
123 18 1 0 2 8
124 9 20 0 0 2
125 0 3 0 2 1
126 6 27 1 0 19
127 4 23 0 3 5
128 1 24 0 0 14
129 11 36 0 3 5
130 1 16 1 3 2
131 9 28 0 1 5
132 2 34 0 1 4
133 10 18 0 3 10
134 16 29 0 1 7
135 9 23 0 0 17
136 15 28 0 1 7
137 1 33 0 0 19
138 8 26 0 2 1
139 18 12 0 2 5
140 13 10 0 1 7
141 10 16 0 1 9
142 6 31 1 2 2
143 11 22 1 0 5
144 5 23 0 2 7
145 17 32 0 0 18
146 14 32 0 3 2
147 16 21 1 1 3
148 5 11 0 0 1
149 18 4 1 0 8
150 17 8 0 2 9
151 5 20 0 0 19
152 6 3 0 0 7
153 1 2 0 0 9
154 2 16 0 3 5
155 11 22 0 2 5
156 12 29 1 2 4
157 5 5 0 2 9
158 11 27 1 1 8
159 11 32 1 1 12
160 1 23 1 2 9
161 1 20 0 3 8
162 1 9 0 1 7
163 2 23 1 0 4
164 12 36 0 3 3
165 4 20 1 3 3
166 7 9 1 2 7
167 7 6 0 1 7
168 7 22 0 0 12
169 0 0 1 0 16
170 3 30 0 1 6
171 12 31 1 1 1
172 2 21 0 2 2
173 11 31 0 0 9
174 0 37 0 2 4
175 9 3 0 1 15
176 14 6 1 1 13
177 3 24 0 3 4
178 16 34 1 0 5
179 15 4 0 0 16
180 15 1 1 1 8
181 18 2 0 3 5
182 13 1 0 1 17
183 11 8 1 3 6
184 7 35 0 0 17
185 12 7 0 3 4
186 6 9 0 1 16
187 13 4 0 3 4
188 8 37 1 2 4
189 6 1 0 3 1
190 1 20 1 0 3
191 6 27 0 2 1
192 0 14 1 2 3
193 12 26 0 3 1
194 4 10 1 1 16
195 17 31 1 2 8
196 1 38 1 1 2
197 3 0 1 1 16
198 9 18 0 2 6
199 4 30 1 1 10
200 14 30 1 3 2
201 11 35 1 1 1
202 18 10 1 3 8
203 2 33 0 1 5
204 5 15 0 1 13
205 8 36 0 3 4
206 0 17 0 3 1
207 7 1 1 0 4
208 0 33 0 3 3
209 17 30 1 2 2
210 13 29 0 2 10
211 16 22 0 3 7
212 14 31 0 2 7
213 1 8 0 3 3
214 15 9 0 3 4
215 1 12 0 0 20
216 4 10 0 2 5
217 4 30 0 1 12
218 17 5 0 2 7
219 6 5 1 1 10
220 1 32 0 1 6
221 13 24 0 2 6
222 14 2 0 2 7
223 8 20 1 1 7
224 10 17 0 3 5
225 10 3 0 1 19
226 3 6 0 1 1
227 18 28 0 1 16
228 9 36 1 1 16
229 15 1 0 0 6
230 0 29 1 3 1
231 5 5 1 2 1
232 12 34 0 0 1
233 13 34 1 3 1
234 1 29 1 2 2
235 13 17 0 3 4
236 10 31 0 2 1
237 13 19 0 1 4
238 6 37 0 3 4
239 7 1 1 3 9
240 8 20 0 3 2
241 3 2 1 3 1
242 5 15 1 3 9
243 5 23 1 3 8
244 11 19 1 3 2
245 4 2 1 0 10
246 2 18 0 2 4
247 9 13 0 2 1
248 11 20 0 1 16
249 6 12 0 3 4
250 4 38 1 1 1
251 14 30 0 3 9
252 17 29 0 1 8
253 8 24 0 0 9
254 5 16 0 3 7
255 13 9 0 2 8
256 4 10 1 0 18
257 10 4 1 2 5
258 13 18 0 2 3
259 7 23 1 0 15
260 2 16 1 1 3
261 7 34 0 2 4
262 7 35 0 0 16
263 14 25 1 0 6
264 12 32 0 3 1
265 15 31 0 0 8
266 7 32 0 0 14
267 14 6 0 3 3
268 12 7 0 2 1
269 17 3 0 0 7
270 17 13 0 1 9
271 1 4 0 2 3
272 8 7 0 2 5
273 13 5 0 1 4
274 17 27 0 0 15
275 4 19 0 2 9
276 11 9 0 3 2
277 13 15 1 1 3
278 8 9 0 2 8
279 9 9 0 2 4
280 18 36 0 3 3
281 17 7 0 3 2
282 14 26 0 0 13
283 10 27 1 0 14
284 2 34 0 0 20
285 16 32 1 1 14
286 7 2 0 3 7
287 16 8 0 1 15
288 15 28 1 2 4
289 1 32 0 2 9
290 18 13 0 2 6
291 2 10 0 2 1
292 13 19 1 3 4
293 13 34 0 2 4
294 11 10 0 1 18
295 17 19 0 3 9
296 17 14 0 1 16
297 4 30 0 1 9
298 18 21 0 2 8
299 5 33 0 3 8
300 13 7 0 2 3
301 18 19 0 2 7
302 3 10 1 2 2
303 6 34 1 1 1
304 10 16 1 3 7
305 7 14 1 2 8
306 17 21 0 2 5
307 2 5 0 1 17
308 16 0 0 1 4
309 10 13 0 0 8
310 3 30 0 0 1
311 7 13 0 1 7
312 0 19 1 0 6
313 14 11 1 0 7
314 10 37 0 2 5
315 13 15 0 1 5
316 10 12 1 0 18
317 5 37 1 0 20
318 16 7 0 0 6
319 18 17 0 0 15
320 13 15 0 3 2
321 8 37 1 1 20
322 13 34 0 3 4
323 15 19 1 3 1
324 7 32 0 1 4
325 12 36 0 3 8
326 5 30 0 3 2
327 9 7 0 3 10
328 5 24 1 0 20
329 4 3 0 2 9
330 9 32 0 3 7
331 18 19 1 2 7
332 5 15 0 0 6
333 15 1 1 3 6
334 1 9 0 0 19
335 12 29 0 3 7
336 7 15 0 3 1
337 1 34 0 2 3
338 7 36 0 2 10
339 0 8 0 1 19
340 10 31 0 3 10
341 18 26 0 2 3
342 6 28 0 0 18
343 16 31 1 2 7
344 10 16 0 1 11
345 16 8 1 2 1
346 4 16 0 3 2
347 9 22 0 3 10
348 7 38 0 2 5
349 0 30 0 1 18
350 13 8 0 3 10
351 17 20 1 3 10
352 12 23 1 3 6
353 5 13 0 3 10
354 14 8 1 2 4
355 15 20 0 0 6
356 10 0 1 3 1
357 9 10 0 2 6
358 7 26 1 0 12
359 3 20 0 1 1
360 11 27 0 2 9
361 12 36 1 1 4
362 9 13 0 1 4
363 17 30 0 0 13
364 0 21 0 0 17
365 4 22 1 0 19
366 10 37 0 1 10
367 4 26 1 2 8
368 11 25 0 1 14
369 7 1 0 0 10
370 9 6 1 0 20
371 3 32 0 3 4
372 1 16 0 0 1
373 5 17 0 2 10
374 10 30 0 3 4
375 13 37 1 2 6
376 8 22 1 2 5
377 15 10 0 0 10
378 4 23 0 0 8
379 2 4 1 2 10
380 5 17 1 1 13
381 16 11 1 2 8
382 0 18 0 0 17
383 3 19 0 1 20
384 14 15 0 1 5
385 15 31 0 1 7
386 18 6 1 1 8
387 3 25 0 0 3
388 5 17 0 3 5
389 15 4 1 3 3
390 16 22 0 3 9
391 6 16 0 3 2
392 4 12 0 3 9
393 2 29 0 0 17
394 18 38 0 3 10
395 13 3 0 3 7
396 13 16 0 3 9
397 0 5 1 2 2
398 6 13 1 1 16
399 17 36 1 2 9
400 9 17 1 0 4
401 11 38 0 3 5
402 10 35 0 3 2
403 12 20 1 0 18
404 16 7 0 1 14
405 16 12 0 2 10
406 15 31 1 3 10
407 18 35 0 1 2
408 15 38 1 0 17
409 1 34 0 3 1
410 18 8 0 3 3
411 1 25 1 3 8
412 4 10 1 0 1
413 0 38 1 3 10
414 5 7 1 0 8
415 15 12 0 0 8
416 17 35 1 3 10
417 5 21 0 1 7
418 5 35 0 0 15
419 5 12 0 1 15
420 13 17 0 2 3
421 18 36 0 1 15
422 7 16 0 1 5
423 12 27 1 3 9
424 3 34 0 3 6
425 13 26 0 1 7
426 5 28 0 1 6
427 2 28 0 3 5
428 15 22 0 3 3
429 1 36 0 2 3
430 11 29 1 1 5
431 14 9 1 1 10
432 0 25 0 0 10
433 17 14 1 3 5
434 1 0 1 3 1
435 4 3 0 0 16
436 0 8 0 3 1
437 11 32 1 1 19
438 14 6 0 2 10
439 2 0 0 0 7
440 14 7 1 3 4
441 7 3 0 3 6
442 17 29 1 1 7
443 16 17 0 1 6
444 2 2 1 1 14
445 12 9 0 3 4
446 4 20 0 2 2
447 13 27 0 1 14
448 18 4 0 2 8
449 11 34 0 2 4
450 10 2 0 3 10
451 11 25 1 0 14
452 12 6 0 2 9
453 6 24 0 1 14
454 7 16 1 0 17
455 0 25 1 1 3
456 2 33 0 1 4
457 2 11 0 1 12
458 17 4 0 2 2
459 15 18 0 0 2
460 3 12 0 3 8
461 17 0 1 2 6
462 1 33 1 3 3
463 0 16 1 1 17
464 14 31 0 0 20
465 5 6 1 2 9
466 2 11 0 3 5
467 14 24 1 0 6
468 3 7 0 2 4
469 7 25 0 3 1
470 0 18 1 2 2
471 15 1 0 3 7
472 18 17 1 2 7
473 9 36 1 0 3
474 12 0 1 0 10
475 6 23 0 2 4
476 6 28 1 2 1
477 7 3 1 0 14
478 17 5 0 0 12
479 4 27 0 1 17
480 13 31 0 0 17
481 15 26 0 2 6
482 18 32 1 3 7
483 11 32 0 3 10
484 13 38 1 3 1
485 12 29 0 2 10
486 3 19 1 2 8
487 14 29 0 3 3
488 13 14 0 2 2
489 15 11 0 1 13
490 3 2 0 1 10
491 9 23 0 0 1
492 7 34 0 0 19
493 18 27 0 1 5
494 11 26 0 3 10
495 8 27 0 1 20
496 11 4 0 3 5
497 2 4 0 3 1
498 15 13 0 3 8
499 2 34 1 1 4
500 0 33 0 1 19
501 5 0 0 2 4
502 2 30 0 1 15
503 10 35 1 2 4
504 12 24 0 1 10
505 3 37 0 3 6
506 3 18 0 2 10
507 18 22 0 0 15
508 8 2 1 0 11
509 3 37 0 0 19
510 11 35 1 0 9
511 4 24 0 3 8
512 5 6 0 3 7
513 2 36 1 1 15
514 17 25 0 3 9
515 5 21 1 3 1
516 18 6 0 0 20
517 13 29 0 1 19
518 15 16 0 2 6
519 11 23 1 2 3
520 11 11 1 0 9
521 6 38 0 2 6
522 5 8 0 2 7
523 6 2 1 0 9
524 9 7 1 0 15
525 15 11 1 0 11
526 1 24 0 3 3
527 14 32 0 0 17
528 6 6 0 0 20
529 10 21 0 1 9
530 17 8 0 2 6
531 13 35 1 1 9
532 4 29 0 3 1
533 14 7 0 2 7
534 16 35 0 2 10
535 4 27 0 3 10
536 4 37 0 3 2
537 4 1 0 2 2
538 13 9 1 0 4
539 4 9 0 3 9
540 15 14 0 2 9
541 15 33 0 1 17
542 9 29 1 0 19
543 3 31 1 2 10
544 6 14 0 2 7
545 3 22 1 2 3
546 7 5 0 3 5
547 14 20 1 2 9
548 5 28 1 2 4
549 9 36 0 3 6
550 8 37 0 1 14
551 4 10 1 2 1
552 3 22 0 1 14
553 13 28 1 1 7
554 17 13 0 2 3
555 11 19 1 2 9
556 5 17 0 3 3
557 12 14 0 3 2
558 3 3 0 0 14
559 6 7 1 3 10
560 13 16 0 2 8
561 16 20 1 1 10
562 3 16 0 3 4
563 17 28 0 3 10
564 16 1 0 0 6
565 4 34 0 0 4
566 1 12 1 0 10
567 2 19 0 2 6
568 8 28 0 0 4
569 1 14 0 0 6
570 15 35 1 0 18
571 16 14 0 0 7
572 1 11 0 3 6
573 3 11 0 2 9
574 6 5 0 1 4
575 6 12 0 0 11
576 18 21 0 1 1
577 2 34 0 1 5
578 1 10 0 1 11
579 14 30 0 0 1
580 14 27 1 0 3
581 1 4 0 2 1
582 11 28 0 3 8
583 14 25 1 1 4
584 9 32 1 0 11
585 6 31 0 2 3
586 5 30 1 0 2
587 2 21 0 2 5
588 6 4 0 0 20
589 5 12 0 3 2
590 17 15 0 0 7
591 13 33 0 2 7
592 12 22 0 2 9
593 10 27 0 2 10
594 17 36 1 0 13
595 3 37 0 2 5
596 7 17 0 1 18
597 9 14 0 2 2
598 2 6 1 3 4
599 2 0 0 3 3
600 1 24 0 1 4
601 8 11 0 2 7
602 5 25 1 2 3
603 2 14 1 2 4
604 11 26 0 2 8
605 18 18 0 2 4
606 9 7 1 0 1
607 8 33 1 1 20
608 14 35 1 2 5
609 11 27 1 2 8
610 3 33 1 0 4
611 14 33 0 1 9
612 6 30 0 2 4
613 8 36 0 3 5
614 1 30 0 1 11
615 6 0 0 1 18
616 7 4 1 2 6
617 17 18 0 1 14
618 4 9 0 1 7
619 10 14 0 2 2
620 16 25 0 3 1
621 12 17 0 2 4
622 9 35 0 1 2
623 16 15 0 2 8
624 4 32 0 3 9
625 14 0 0 2 1
626 15 17 0 0 1
627 6 10 0 2 5
628 12 29 0 0 5
629 18 29 0 3 3
630 13 21 1 1 9
631 14 25 0 1 6
632 11 11 0 1 14
633 18 24 0 3 4
634 6 25 0 2 6
635 12 4 1 2 10
636 14 22 0 1 13
637 8 34 0 0 13
638 12 5 0 0 14
639 3 31 0 2 7
640 9 21 0 0 7
641 3 1 0 0 14
642 13 25 0 1 14
643 10 25 0 2 2
644 0 33 0 3 10
645 13 19 1 3 6
646 3 26 0 2 6
647 12 13 0 2 1
648 3 32 0 1 15
649 3 2 0 0 9
650 0 6 0 1 18
651 0 14 0 0 6
652 5 32 0 0 11
653 6 37 0 3 5
654 4 25 0 3 6
655 2 16 1 1 1
656 4 20 0 3 8
657 2 10 0 1 15
658 6 0 1 3 9
659 2 24 1 1 14
660 4 20 0 3 10
661 16 37 0 1 5
662 10 36 0 3 5
663 0 7 1 0 10
664 1 25 1 2 9
665 13 21 1 1 7
666 12 6 0 2 6
667 3 30 0 2 3
668 8 2 0 3 6
669 6 18 0 3 3
670 18 3 0 2 10
671 10 7 0 0 7
672 3 10 0 0 2
673 16 23 0 3 7
674 15 24 0 3 7
675 16 30 1 0 17
676 15 11 0 3 6
677 5 1 1 1 10
678 8 25 0 0 9
679 16 2 1 2 10
680 18 11 0 2 10
681 5 19 0 1 3
682 13 5 1 0 3
683 0 13 0 2 1
684 17 12 0 1 14
685 13 30 1 3 5
686 14 13 0 2 8
687 13 22 0 3 1
688 17 1 0 3 5
689 15 5 1 3 4
690 15 7 1 1 20
691 13 22 1 1 14
692 14 38 0 3 4
693 1 36 0 3 8
694 13 23 0 1 3
695 6 31 0 2 4
696 9 3 1 3 10
697 2 16 0 0 20
698 16 5 0 3 7
699 7 14 0 0 7
700 2 32 0 0 13
701 1 22 0 3 9
702 9 36 0 0 17
703 9 26 0 3 1
704 13 14 0 3 8
705 2 14 1 3 10
706 0 29 0 2 10
707 11 11 0 1 18
708 10 15 0 1 7
709 17 26 1 0 19
710 2 34 1 3 7
711 7 14 1 0 14
712 10 0 1 0 20
713 2 33 1 2 7
714 15 7 0 3 1
715 11 2 0 1 16
716 3 32 1 1 12
717 8 35 0 1 14
718 3 35 0 3 8
719 12 2 0 0 13
720 9 38 0 3 6
721 18 29 0 1 2
722 2 11 1 1 18
723 10 15 0 0 7
724 1 23 0 1 19
725 10 38 1 3 2
726 14 20 0 2 3
727 8 12 0 3 2
728 5 11 1 2 1
729 4 22 0 0 4
730 18 19 0 0 4
731 13 32 0 2 5
732 17 15 0 0 19
733 4 34 0 1 3
734 17 1 0 0 6
735 6 7 0 2 7
736 16 33 0 2 3
737 5 32 1 1 3
738 11 24 0 2 9
739 1 13 0 3 7
740 15 4 0 3 7
741 5 16 0 0 11
742 2 3 0 0 18
743 16 26 0 1 19
744 11 16 0 0 11
745 6 4 0 1 3
746 2 0 0 3 2
747 13 33 0 2 5
748 11 13 0 0 18
749 9 10 0 3 8
750 12 37 0 3 4
751 3 25 0 3 4
752 8 11 0 3 2
753 0 26 0 1 2
754 8 38 0 2 9
755 7 33 0 1 9
756 11 16 0 1 16
757 10 14 1 0 8
758 12 14 0 0 3
759 5 16 0 3 3
760 2 34 0 3 3
761 11 6 0 1 19
762 3 0 1 1 1
763 13 20 1 0 2
764 0 10 0 0 6
765 15 14 0 0 14
766 4 32 0 3 1
767 7 15 0 1 19
768 6 4 0 2 9
769 12 18 1 2 4
770 0 31 0 3 9
771 4 13 0 0 18
772 0 12 0 2 4
773 13 7 1 3 3
774 2 33 0 2 4
775 13 12 0 1 3
776 15 6 0 2 2
777 15 8 0 0 13
778 8 37 0 3 8
779 1 29 1 2 7
780 18 4 0 0 18
781 13 1 0 3 2
782 1 24 0 2 1
783 13 25 1 0 18
784 3 14 0 2 5
785 16 37 0 1 4
786 18 5 0 0 2
787 17 18 0 3 3
788 9 36 1 3 7
789 8 5 0 3 5
790 4 6 0 2 8
791 17 21 0 2 9
792 14 25 1 0 9
793 4 22 0 3 5
794 1 10 1 3 3
795 13 10 0 3 6
796 10 19 1 3 1
797 13 0 0 0 14
798 15 6 0 2 1
799 1 5 0 2 8
800 3 8 0 0 13
