10 10
200
1 8 1 0 3 2
2 2 1 1 0 4
3 4 2 1 1 1
4 8 5 1 3 4
5 8 5 1 3 2
6 6 8 1 0 5
7 6 7 1 0 5
8 8 8 1 2 3
9 0 3 1 0 2
10 4 0 1 1 4
11 0 8 1 3 3
12 4 1 1 1 5
13 6 1 1 0 4
14 0 3 1 0 1
15 0 8 1 0 4
16 5 1 1 0 3
17 5 2 1 2 5
18 3 3 1 3 1
19 2 3 0 2 4
20 3 3 1 0 5
21 2 0 0 3 2
22 4 8 1 3 3
23 5 3 0 1 5
24 2 5 0 3 5
25 8 2 1 1 5
26 5 2 0 3 5
27 3 2 1 2 1
28 4 7 1 1 1
29 7 3 0 1 2
30 2 0 1 0 5
31 1 5 1 0 2
32 2 4 1 1 1
33 4 4 0 0 4
34 6 0 1 1 5
35 1 3 1 0 5
36 1 1 1 3 5
37 3 5 1 2 2
38 4 3 1 0 4
39 6 1 0 0 1
40 3 4 1 0 4
41 8 2 1 2 3
42 3 8 1 0 5
43 3 8 1 3 3
44 8 7 1 3 2
45 2 1 1 2 5
46 4 7 0 1 1
47 0 4 1 1 5
48 8 0 1 2 4
49 1 5 1 3 5
50 3 1 1 3 5
51 8 4 0 0 1
52 0 7 1 2 5
53 8 3 1 3 2
54 2 3 1 0 2
55 5 4 1 1 2
56 3 1 1 3 3
57 5 4 1 3 4
58 5 3 0 3 4
59 7 7 0 0 2
60 5 5 1 0 5
61 7 1 1 0 1
62 2 2 1 0 3
63 6 6 1 2 3
64 8 4 0 2 2
65 8 6 1 1 3
66 0 2 1 2 3
67 7 1 1 0 2
68 7 8 1 0 1
69 0 1 1 2 2
70 1 8 0 3 1
71 3 5 1 2 4
72 0 4 1 1 2
73 2 3 1 0 4
74 3 0 0 1 2
75 2 6 0 1 2
76 5 8 0 2 2
77 7 2 1 0 4
78 8 2 0 1 1
79 7 0 1 2 5
80 2 5 0 3 3
81 7 4 1 3 1
82 5 0 0 2 3
83 6 3 1 1 3
84 3 2 1 2 4
85 2 6 0 0 1
86 6 6 1 2 3
87 4 2 1 3 4
88 8 7 0 1 4
89 2 3 1 2 5
90 1 5 1 2 1
91 6 0 0 3 1
92 2 6 1 1 4
93 1 1 1 2 1
94 5 3 1 0 4
95 5 7 1 1 4
96 5 2 1 3 5
97 5 1 1 2 5
98 4 2 1 3 2
99 2 5 1 1 5
100 1 2 0 0 3
101 1 5 1 0 2
102 6 8 0 3 1
103 7 4 1 3 5
104 7 7 1 0 4
105 8 8 1 0 5
106 8 6 1 3 1
107 1 5 0 3 1
108 5 4 1 2 4
109 0 8 1 2 2
110 8 1 0 0 3
111 5 7 0 0 4
112 6 0 0 2 3
113 6 7 0 2 4
114 2 3 1 0 5
115 6 5 1 1 3
116 7 4 1 0 5
117 3 7 1 2 1
118 6 8 1 0 1
119 5 6 1 1 1
120 4 3 0 2 5
121 8 3 1 2 4
122 4 8 0 2 5
123 2 8 0 1 3
124 1 7 0 1 2
125 3 7 1 3 5
126 5 6 1 3 5
127 1 3 1 0 3
128 4 6 1 1 2
129 8 8 0 2 4
130 5 7 1 3 2
131 5 2 0 2 4
132 8 3 0 1 2
133 8 4 0 0 3
134 1 2 1 1 4
135 5 4 1 1 1
136 0 7 0 2 4
137 6 3 1 3 4
138 2 8 1 2 4
139 0 6 1 0 4
140 7 5 0 2 5
141 7 2 1 2 4
142 4 3 1 2 3
143 8 0 1 2 5
144 7 4 1 0 5
145 8 1 1 0 1
146 1 2 1 3 2
147 6 8 0 2 1
148 2 6 1 1 4
149 7 8 1 0 5
150 1 3 1 1 1
151 3 0 1 1 4
152 5 0 1 0 5
153 1 4 1 3 3
154 4 7 1 3 1
155 4 4 1 1 1
156 0 0 0 3 5
157 7 3 0 1 1
158 4 2 1 1 2
159 3 3 0 2 5
160 3 5 1 3 2
161 7 0 1 2 4
162 5 2 1 0 4
163 7 4 1 0 5
164 4 2 1 2 4
165 5 8 1 2 5
166 0 5 1 2 3
167 8 8 1 2 3
168 4 4 1 0 2
169 2 8 1 0 2
170 1 3 1 0 1
171 7 2 1 3 3
172 2 7 1 2 1
173 5 0 1 3 4
174 6 6 0 3 2
175 5 7 1 2 3
176 0 0 1 3 3
177 6 7 0 0 5
178 1 8 1 2 3
179 8 0 1 0 5
180 6 7 1 3 4
181 8 1 1 3 5
182 5 5 0 0 3
183 3 3 1 3 4
184 3 2 1 2 5
185 7 6 1 0 1
186 3 0 1 0 2
187 0 2 1 2 1
188 1 2 0 2 1
189 1 7 1 1 5
190 1 0 1 2 5
191 4 0 1 3 3
192 0 2 1 1 2
193 6 8 1 0 5
194 8 2 0 2 5
195 4 8 1 1 3
196 8 4 1 1 4
197 1 2 1 1 2
198 3 0 1 3 2
199 0 6 1 0 3
200 0 1 1 3 5
