10 10
150
1 7 2 1 1 2
2 6 0 0 1 5
3 0 1 1 2 3
4 0 7 1 1 4
5 2 2 1 1 5
6 3 8 1 3 2
7 8 0 0 2 2
8 5 1 1 0 3
9 1 7 1 0 2
10 7 4 1 3 1
11 5 2 1 1 4
12 0 7 1 2 3
13 7 3 0 3 5
14 3 0 1 0 3
15 0 7 1 1 5
16 6 4 1 0 1
17 2 8 1 3 1
18 3 0 1 2 1
19 1 0 1 1 5
20 8 8 1 1 1
21 0 8 1 1 3
22 6 6 0 1 2
23 2 6 1 2 1
24 0 4 1 1 1
25 4 1 1 1 1
26 8 0 1 0 4
27 8 2 1 0 1
28 8 0 1 3 4
29 8 5 1 0 4
30 0 1 1 3 4
31 5 5 1 3 4
32 1 5 1 2 3
33 4 1 1 3 2
34 2 0 1 1 4
35 0 0 1 3 2
36 7 4 1 3 3
37 0 3 0 3 2
38 2 7 1 0 1
39 3 0 1 3 1
40 3 6 0 3 5
41 7 5 1 0 1
42 3 7 1 1 5
43 5 8 1 3 4
44 4 3 1 1 5
45 6 6 0 0 3
46 4 1 1 1 3
47 0 7 1 1 5
48 4 6 1 3 1
49 2 5 1 1 4
50 1 3 1 1 2
51 3 7 1 2 5
52 2 3 1 0 3
53 0 7 1 2 5
54 8 0 1 1 5
55 7 8 1 2 4
56 4 8 1 1 1
57 4 6 1 0 2
58 1 5 0 2 4
59 4 5 1 2 2
60 8 5 1 1 1
61 1 3 1 2 2
62 3 0 1 2 5
63 6 6 1 1 2
64 5 5 1 0 2
65 2 3 1 1 2
66 0 3 0 2 5
67 7 1 1 1 4
68 7 3 1 2 1
69 7 3 1 3 2
70 1 4 1 2 1
71 8 3 1 0 4
72 8 0 1 1 2
73 4 7 1 2 5
74 1 5 1 3 3
75 6 8 1 3 5
76 2 6 1 3 3
77 0 7 1 1 5
78 0 6 1 1 2
79 7 4 1 3 5
80 3 6 0 1 4
81 4 6 1 2 2
82 0 2 1 0 1
83 8 7 1 2 2
84 4 0 0 0 3
85 6 7 0 0 2
86 2 7 1 3 3
87 0 7 0 3 2
88 5 1 1 3 2
89 6 8 1 0 3
90 8 8 1 2 2
91 4 3 1 3 1
92 1 7 1 3 4
93 5 2 1 3 2
94 0 5 1 2 5
95 2 0 1 3 2
96 8 3 1 2 4
97 1 6 1 3 1
98 5 5 0 2 1
99 6 6 0 1 2
100 4 6 0 3 2
101 6 3 1 0 4
102 7 8 0 2 5
103 6 7 1 2 1
104 1 4 1 1 4
105 1 3 1 2 4
106 7 0 1 0 1
107 6 8 1 1 4
108 4 4 1 1 1
109 5 2 1 1 2
110 8 0 1 2 4
111 7 2 0 3 2
112 5 3 1 3 1
113 5 1 1 0 2
114 8 3 0 3 2
115 0 7 1 3 1
116 0 3 1 1 3
117 5 6 1 2 4
118 6 6 0 0 2
119 7 0 0 0 1
120 2 4 1 2 5
121 3 7 1 0 1
122 1 4 1 3 3
123 2 2 1 3 1
124 5 4 1 0 4
125 1 0 1 0 4
126 4 8 0 0 1
127 7 3 0 1 2
128 7 0 1 1 3
129 7 4 0 2 5
130 8 3 1 1 3
131 3 0 1 3 4
132 5 2 1 2 5
133 2 8 1 3 2
134 8 6 1 3 1
135 0 7 0 3 1
136 7 0 1 2 3
137 2 3 1 0 1
138 4 8 1 2 2
139 7 7 0 2 1
140 0 5 1 2 1
141 5 8 1 3 2
142 4 2 0 1 3
143 0 1 1 2 3
144 1 2 0 0 3
145 6 1 1 2 1
146 1 0 1 2 3
147 7 4 1 3 4
148 1 5 1 3 3
149 3 3 0 2 2
150 4 3 0 1 3
